test_iter: 142
test_interval: 213
base_lr: 0.0010000000475
display: 26
max_iter: 1065
lr_policy: "step"
gamma: 0.10000000149
momentum: 0.899999976158
weight_decay: 1.00000006569e-05
stepsize: 352
snapshot: 213
snapshot_prefix: "snapshot"
solver_mode: GPU
net: "train_val.prototxt"
solver_type: ADAM
